-module(tmpmodule).

Var01 = <<"1.0000000000000000000000001">>.
Var02 = 2.300000 = 2.30000e+0 = 2.3.
Var03 = 1.1+1.2 = 1.1 + 1.2 = 2.3.
Var04 = 0.123456789e-100 * 0.123456789e-100 = 1.524157875019052e-202.
Var05 = 2.30000e-10 = 2.3e-10.
Var06 = 2.30000e+10 = 2.3e10.
Var07 = 2.30000e-1 = 2.30000e-01 = 2.30000e-001 = 0.23.
Var08 = 2.30000e+1 = 2.30000e+01 = 2.30000e+001 = 23.0.
Var09 = X + Y = X+Y.
Var10 = 0.123456789e-1 = 0.123456789 / 10 = 0.0123456789.
Var11 = 0.123456789e-2 = 0.123456789 / 100 = 0.00123456789.
Var12 = 0.123456789e+1 = 0.123456789 * 10 = 1.23456789.
Var13 = 0.123456789e+2 = 0.123456789 * 100 = 12.3456789.
Var14 = +0.123 = 0+0.123 = 0.123.
Var15 = -0.123 = 0-0.123 = -0.123.
